4 0.9242788461538461 0.5336538461538461 0.13942307692307693 0.17067307692307693
4 0.7824519230769231 0.5048076923076923 0.20432692307692307 0.15745192307692307
4 0.5805288461538461 0.6490384615384616 0.5180288461538461 0.3545673076923077
4 0.27163461538461536 0.5649038461538461 0.3762019230769231 0.2403846153846154
4 0.6141826923076923 0.46875 0.08413461538461539 0.09014423076923077
4 0.5300480769230769 0.46274038461538464 0.08413461538461539 0.07211538461538461
4 0.6923076923076923 0.4519230769230769 0.07211538461538461 0.07211538461538461
4 0.46274038461538464 0.46153846153846156 0.06971153846153846 0.07451923076923077
4 0.4098557692307692 0.4411057692307692 0.056490384615384616 0.05048076923076923
4 0.37740384615384615 0.46875 0.1622596153846154 0.09014423076923077
4 0.21995192307692307 0.47115384615384615 0.1201923076923077 0.07211538461538461
4 0.1141826923076923 0.4579326923076923 0.09615384615384616 0.0829326923076923
4 0.46153846153846156 0.42427884615384615 0.03365384615384615 0.03245192307692308
4 0.3173076923076923 0.41346153846153844 0.038461538461538464 0.037259615384615384
4 0.875 0.4182692307692308 0.06971153846153846 0.07451923076923077
4 0.796875 0.4230769230769231 0.05048076923076923 0.04567307692307692